"","afr","alb","ara","arm","aze","baq","bas","bel","ben","bnt","bos","bre","bul","cat","chi","cze","dan","dsb","dut","eng","epo","est","fao","fin","fre","fry","geo","ger","gla","gle","glg","gre","gsw","heb","hin","hrv","hsb","hun","ice","ind","ita","jpn","kaz","kir","kor","kur","lat","lav","lit","ltz","mac","mal","may","mlg","mlt","mon","mul","nds","nno","nor","oci","per","pol","por","roh","rum","rus","sin","slo","slv","spa","srp","swa","swe","tha","tir","tur","ukr","und","urd","vie","wel","wen","wln","xxx","yid","na_count"
"afr",3,0,0,0,0,0,0,0,0,0,0,0,2,0,1,2,2,0,2,2,1,1,0,2,2,0,0,2,0,0,0,0,0,0,0,1,0,2,0,0,2,1,0,0,0,0,0,1,1,0,0,0,0,0,0,1,0,0,0,2,0,1,1,3,0,1,2,0,1,1,1,1,0,0,0,0,0,0,0,0,1,0,0,0,0,0,3
"alb",0,61,19,9,12,18,1,10,0,0,7,3,43,34,30,43,33,0,45,43,7,32,3,33,49,1,17,27,0,1,12,39,0,29,6,31,0,38,13,8,47,23,0,0,19,1,4,28,34,0,19,1,2,0,0,4,0,0,1,35,1,20,40,38,3,32,38,1,28,35,45,36,0,37,3,0,36,22,0,3,13,1,0,0,1,0,61
"ara",0,19,83,9,11,17,1,9,1,0,7,3,42,31,33,45,39,0,56,55,4,31,2,29,58,1,16,35,1,1,12,41,0,26,5,37,0,43,9,5,60,25,0,0,25,2,2,19,29,1,20,1,3,0,0,2,0,1,1,40,0,21,47,38,3,30,46,1,28,40,53,40,0,39,2,0,40,21,0,3,9,2,0,0,2,0,83
"arm",0,9,9,17,6,10,0,5,0,1,2,0,15,14,11,14,15,0,15,17,4,14,1,11,17,1,8,9,0,1,7,13,0,9,3,12,0,17,5,4,17,9,0,0,9,1,3,10,12,0,9,1,2,0,0,2,0,0,1,13,0,10,16,13,2,12,14,1,13,14,17,13,1,13,3,0,15,12,0,1,6,0,0,0,1,0,17
"aze",0,12,11,6,17,10,1,7,1,0,3,1,14,13,9,16,13,0,16,16,3,13,1,12,17,0,9,9,1,1,8,14,0,9,3,13,0,15,6,2,17,11,0,0,9,2,2,11,12,0,8,1,3,0,0,1,0,0,1,13,1,11,17,15,2,13,15,0,12,14,17,14,1,12,2,0,15,12,0,3,6,1,0,0,1,0,17
"baq",0,18,17,10,10,39,0,8,1,1,5,3,29,30,21,31,32,0,35,36,7,29,2,30,36,1,12,27,1,1,13,28,0,25,4,23,0,32,10,5,36,21,0,0,16,2,2,19,21,0,14,1,3,0,0,3,0,1,1,28,1,22,29,31,3,28,29,1,22,31,38,33,0,30,2,0,29,22,0,2,8,2,0,0,1,0,39
"bas",0,1,1,0,1,0,1,1,0,0,0,0,1,1,1,1,1,0,1,1,0,1,0,1,1,0,1,1,0,0,1,1,0,1,0,1,0,1,1,0,1,1,0,0,1,0,0,1,1,0,1,0,0,0,0,0,0,0,0,1,0,1,1,1,0,1,1,0,1,1,1,1,0,1,0,0,1,1,0,1,1,0,0,0,0,0,1
"bel",0,10,9,5,7,8,1,30,0,0,3,2,19,15,14,22,17,0,23,24,3,15,1,16,27,1,6,15,1,0,6,17,0,14,2,16,0,19,6,5,26,9,0,0,12,1,3,9,13,0,8,1,2,0,0,2,0,0,0,16,0,12,20,17,1,18,19,1,14,15,27,16,0,17,1,0,14,11,0,2,9,0,0,0,1,0,30
"ben",0,0,1,0,1,1,0,0,1,0,0,0,1,1,1,1,1,0,1,1,0,1,0,1,1,0,0,1,0,0,1,1,0,1,1,1,0,1,1,0,1,1,0,0,1,1,0,0,0,0,0,0,1,0,0,0,0,0,0,1,0,1,1,1,0,0,1,0,0,1,1,1,0,1,0,0,1,1,0,0,0,1,0,0,0,0,1
"bnt",0,0,0,1,0,1,0,0,0,1,0,0,1,0,1,0,1,0,1,1,1,1,0,1,1,0,0,1,0,0,0,0,0,1,0,0,0,1,0,0,1,0,0,0,0,0,0,1,0,0,0,0,0,0,0,0,0,0,0,0,0,1,1,0,0,0,0,0,0,0,1,0,0,0,0,0,0,0,0,0,0,0,0,0,0,0,1
"bos",0,7,7,2,3,5,0,3,0,0,20,1,15,11,10,16,12,0,14,17,1,11,2,11,16,1,6,6,0,0,4,12,0,10,1,12,0,13,5,3,16,8,0,0,6,0,1,11,11,0,9,0,0,0,0,2,0,0,0,13,0,5,12,11,0,11,13,1,5,14,16,14,0,12,1,0,12,5,0,1,4,0,0,0,0,0,20
"bre",0,3,3,0,1,3,0,2,0,0,1,4,4,4,3,3,4,0,4,4,1,4,1,3,4,0,1,4,0,0,1,3,0,3,0,3,0,4,2,1,4,2,0,0,2,0,0,3,3,0,2,0,0,0,0,2,0,0,0,4,0,3,4,4,0,4,3,0,3,3,4,3,0,4,0,0,3,1,0,1,2,0,0,0,0,0,4
"bul",2,43,42,15,14,29,1,19,1,1,15,4,356,74,83,183,107,0,171,176,13,95,3,83,196,2,31,74,1,1,21,95,1,71,7,100,0,143,20,10,181,74,0,1,46,2,4,78,94,0,41,1,3,0,1,5,0,1,1,104,1,35,156,114,4,88,148,1,76,109,197,113,0,111,4,0,119,41,0,3,22,2,0,0,2,0,356
"cat",0,34,31,14,13,30,1,15,1,0,11,4,74,146,54,89,80,1,104,113,11,58,3,66,126,3,25,43,1,1,22,78,0,52,7,59,0,86,19,9,107,52,0,0,32,2,4,43,59,1,32,1,3,0,0,5,0,3,1,80,2,30,90,81,3,58,77,1,51,69,134,76,0,82,4,0,82,34,0,3,14,2,0,1,3,1,146
"chi",1,30,33,11,9,21,1,14,1,1,10,3,83,54,186,118,79,1,125,118,8,66,3,67,135,3,19,42,0,1,17,74,0,55,5,64,0,95,19,9,135,57,1,0,49,2,5,64,73,1,32,1,3,0,1,5,0,3,0,72,1,30,108,86,2,63,99,1,57,73,134,75,0,78,4,0,93,28,0,3,22,2,0,1,3,1,186
"cze",2,43,45,14,16,31,1,22,1,0,16,3,183,89,118,758,140,0,283,272,13,132,3,113,317,3,33,85,1,2,25,139,0,83,7,123,0,212,23,10,298,114,1,1,70,3,4,112,139,0,46,1,3,0,1,5,0,0,1,135,1,38,262,149,4,120,219,1,137,139,317,143,1,152,4,0,162,50,0,3,26,2,0,0,2,0,758
"dan",2,33,39,15,13,32,1,17,1,1,12,4,107,80,79,140,256,0,184,185,11,89,3,100,195,2,32,48,0,1,22,105,0,76,7,98,0,125,22,10,184,75,0,0,46,2,5,68,82,0,42,1,3,0,1,7,1,2,1,120,1,32,143,117,3,74,111,1,68,97,179,96,0,134,4,0,116,44,0,3,22,2,0,0,1,0,256
"dsb",0,0,0,0,0,0,0,0,0,0,0,0,0,1,1,0,0,1,0,1,0,0,0,0,1,1,0,1,0,0,0,1,0,0,0,0,0,1,0,0,0,0,0,0,0,0,1,0,0,1,0,0,0,0,0,0,0,1,0,0,1,0,1,0,0,1,1,0,1,0,1,1,0,0,0,0,1,0,0,0,0,0,0,1,1,1,1
"dut",2,45,56,15,16,35,1,23,1,1,14,4,171,104,125,283,184,0,712,328,16,130,3,130,381,4,33,76,1,1,26,155,3,101,7,132,0,206,24,10,343,108,1,1,70,2,4,108,123,1,50,1,3,0,1,7,0,6,1,153,1,40,263,169,4,107,203,1,105,141,345,140,1,181,4,0,182,48,0,3,26,2,0,0,2,0,712
"eng",2,43,55,17,16,36,1,24,1,1,17,4,176,113,118,272,185,1,328,967,15,124,3,126,430,4,40,116,1,2,25,158,0,109,7,139,0,209,24,10,361,114,0,1,66,3,6,93,120,2,49,1,3,0,1,7,1,4,1,161,2,43,251,176,4,114,207,1,101,160,370,156,1,193,4,0,183,51,0,3,22,2,0,1,4,1,967
"epo",1,7,4,4,3,7,0,3,0,1,1,1,13,11,8,13,11,0,16,15,20,11,1,10,16,1,4,13,0,0,6,11,0,10,2,10,0,11,3,3,13,11,0,0,6,1,2,9,9,0,5,1,2,0,0,3,0,1,0,13,0,7,12,12,0,10,12,0,8,8,16,11,0,11,2,0,9,7,0,2,7,0,0,0,1,0,20
"est",1,32,31,14,13,29,1,15,1,1,11,4,95,58,66,132,89,0,130,124,11,235,3,76,146,2,30,46,1,1,20,81,0,58,6,77,0,109,18,10,134,60,0,0,41,2,4,73,88,1,35,1,3,0,0,6,0,2,1,86,1,31,118,90,5,70,108,1,63,75,137,80,0,92,4,0,85,41,0,3,16,2,0,0,3,0,235
"fao",0,3,2,1,1,2,0,1,0,0,2,1,3,3,3,3,3,0,3,3,1,3,3,3,3,0,0,2,0,0,2,3,0,3,0,3,0,3,2,3,3,3,0,0,3,0,0,3,3,0,3,0,0,0,0,2,0,0,0,3,0,2,3,3,1,3,3,0,3,3,3,2,0,3,0,0,3,3,0,1,2,1,0,0,0,0,3
"fin",2,33,29,11,12,30,1,16,1,1,11,3,83,66,67,113,100,0,130,126,10,76,3,192,141,2,24,49,0,1,22,82,0,60,6,69,0,106,22,8,128,52,0,0,39,2,5,62,66,0,28,1,3,0,1,6,1,1,0,96,1,30,105,94,4,67,90,1,61,79,132,80,0,106,4,0,86,36,0,3,21,2,0,0,1,0,192
"fre",2,49,58,17,17,36,1,27,1,1,16,4,196,126,135,317,195,1,381,430,16,146,3,141,951,4,36,126,1,2,25,180,0,115,7,151,0,233,25,10,434,128,1,0,72,3,5,113,137,2,55,1,3,0,1,7,0,4,1,174,2,44,303,182,5,124,236,1,114,167,443,170,1,211,4,0,202,51,0,3,27,2,0,1,3,1,951
"fry",0,1,1,1,0,1,0,1,0,0,1,0,2,3,3,3,2,1,4,4,1,2,0,2,4,10,1,4,0,0,1,3,0,2,1,1,0,3,1,1,3,0,0,0,1,0,2,2,2,1,1,0,0,0,0,1,0,2,0,3,1,2,3,2,0,3,2,1,3,1,4,3,0,3,0,0,4,2,0,0,1,0,0,1,1,1,10
"geo",0,17,16,8,9,12,1,6,0,0,6,1,31,25,19,33,32,0,33,40,4,30,0,24,36,1,47,16,0,1,12,28,0,19,5,27,0,31,8,4,34,20,0,0,14,1,2,20,26,0,17,1,2,0,0,0,0,0,1,32,1,13,32,30,2,24,28,1,20,31,37,30,0,28,3,0,31,18,0,2,7,0,0,0,1,0,47
"ger",2,27,35,9,9,27,1,15,1,1,6,4,74,43,42,85,48,1,76,116,13,46,2,49,126,4,16,568,1,2,17,53,0,47,7,43,0,67,13,7,96,42,0,0,28,3,4,31,43,1,24,1,3,0,0,4,1,5,1,58,1,29,85,51,3,51,70,1,43,56,105,57,0,60,2,0,48,29,0,3,15,2,0,1,4,1,568
"gla",0,0,1,0,1,1,0,1,0,0,0,0,1,1,0,1,0,0,1,1,0,1,0,0,1,0,0,1,1,0,0,1,0,0,0,1,0,1,0,0,1,0,0,0,1,0,0,0,1,0,0,0,0,0,0,0,0,0,0,0,0,1,1,1,0,1,1,0,0,1,1,1,0,0,0,0,1,1,0,0,0,0,0,0,0,0,1
"gle",0,1,1,1,1,1,0,0,0,0,0,0,1,1,1,2,1,0,1,2,0,1,0,1,2,0,1,2,0,2,0,1,0,0,1,1,0,1,1,0,1,0,0,0,1,1,0,1,1,0,1,0,0,0,0,0,0,0,0,2,0,1,2,1,1,1,2,0,1,1,2,1,0,0,1,0,1,1,0,0,0,0,0,0,0,0,2
"glg",0,12,12,7,8,13,1,6,1,0,4,1,21,22,17,25,22,0,26,25,6,20,2,22,25,1,12,17,0,0,29,23,0,16,3,19,0,22,10,6,27,20,0,0,12,2,3,15,16,0,12,1,3,0,0,3,0,1,1,22,1,15,23,22,0,19,21,1,18,22,26,22,0,23,2,0,21,17,0,3,9,1,0,0,1,0,29
"gre",0,39,41,13,14,28,1,17,1,0,12,3,95,78,74,139,105,1,155,158,11,81,3,82,180,3,28,53,1,1,23,232,0,67,7,86,0,111,22,9,162,81,0,0,48,2,5,55,76,1,37,1,3,0,1,6,0,2,1,104,2,33,140,116,4,70,108,1,69,87,174,97,0,114,4,0,116,41,0,3,19,2,0,1,2,1,232
"gsw",0,0,0,0,0,0,0,0,0,0,0,0,1,0,0,0,0,0,3,0,0,0,0,0,0,0,0,0,0,0,0,0,26,0,0,0,0,0,0,0,0,0,0,0,0,0,0,0,0,0,0,0,0,0,0,0,0,1,0,0,0,0,0,0,0,0,0,0,0,0,0,0,0,0,0,0,0,0,0,0,0,0,0,0,0,0,26
"heb",0,29,26,9,9,25,1,14,1,1,10,3,71,52,55,83,76,0,101,109,10,58,3,60,115,2,19,47,0,0,16,67,0,144,5,59,0,75,17,9,110,44,1,0,33,1,3,49,55,0,28,0,2,0,0,5,0,2,1,76,1,25,86,67,1,54,70,1,44,66,109,69,0,82,2,0,76,31,0,3,18,2,0,0,2,0,144
"hin",0,6,5,3,3,4,0,2,1,0,1,0,7,7,5,7,7,0,7,7,2,6,0,6,7,1,5,7,0,1,3,7,0,5,7,7,0,5,3,2,7,5,0,0,6,2,2,5,4,0,4,1,2,0,0,0,0,0,0,7,0,4,6,7,1,5,6,1,5,7,7,7,0,6,2,0,6,5,0,0,3,1,0,0,0,0,7
"hrv",1,31,37,12,13,23,1,16,1,0,12,3,100,59,64,123,98,0,132,139,10,77,3,69,151,1,27,43,1,1,19,86,0,59,7,211,0,110,16,9,137,58,0,0,40,2,4,59,73,0,38,1,3,0,1,5,0,1,1,82,1,30,133,89,2,68,103,1,65,89,143,89,1,93,4,0,96,39,0,3,21,2,0,0,2,0,211
"hsb",0,0,0,0,0,0,0,0,0,0,0,0,0,0,0,0,0,0,0,0,0,0,0,0,0,0,0,0,0,0,0,0,0,0,0,0,1,0,0,0,0,0,0,0,0,0,0,0,0,0,0,0,0,0,0,0,0,0,0,0,0,0,0,0,0,0,0,0,0,0,0,0,0,0,0,0,0,0,0,0,0,0,0,0,0,0,1
"hun",2,38,43,17,15,32,1,19,1,1,13,4,143,86,95,212,125,1,206,209,11,109,3,106,233,3,31,67,1,1,22,111,0,75,5,110,0,429,22,10,212,76,0,1,52,2,5,91,104,1,42,1,3,0,1,6,0,4,1,116,2,36,196,122,4,103,158,1,97,112,217,122,1,125,4,0,124,43,0,3,24,2,0,1,4,1,429
"ice",0,13,9,5,6,10,1,6,1,0,5,2,20,19,19,23,22,0,24,24,3,18,2,22,25,1,8,13,0,1,10,22,0,17,3,16,0,22,27,4,25,13,0,0,12,1,2,14,17,0,15,0,1,0,0,3,0,0,0,21,0,14,24,22,2,15,20,1,18,21,23,19,0,21,3,0,22,14,0,2,8,1,0,0,0,0,27
"ind",0,8,5,4,2,5,0,5,0,0,3,1,10,9,9,10,10,0,10,10,3,10,3,8,10,1,4,7,0,0,6,9,0,9,2,9,0,10,4,11,9,7,0,0,9,0,2,9,8,0,6,0,1,0,0,3,0,0,0,8,0,6,10,10,1,10,9,1,10,9,10,8,0,9,1,0,8,9,0,2,6,1,0,0,1,0,11
"ita",2,47,60,17,17,36,1,26,1,1,16,4,181,107,135,298,184,0,343,361,13,134,3,128,434,3,34,96,1,1,27,162,0,110,7,137,0,212,25,9,738,124,1,1,82,2,4,111,134,1,53,1,3,0,1,8,0,3,1,163,1,43,275,177,4,121,228,1,110,158,382,160,1,192,4,0,196,53,0,3,25,2,0,0,2,0,738
"jpn",1,23,25,9,11,21,1,9,1,0,8,2,74,52,57,114,75,0,108,114,11,60,3,52,128,0,20,42,0,0,20,81,0,44,5,58,0,76,13,7,124,225,0,0,41,2,3,44,59,0,27,1,3,0,1,3,0,0,1,68,1,25,101,72,2,50,98,0,50,69,123,68,0,72,2,0,78,34,0,3,17,2,0,0,2,0,225
"kaz",0,0,0,0,0,0,0,0,0,0,0,0,0,0,1,1,0,0,1,0,0,0,0,0,1,0,0,0,0,0,0,0,0,1,0,0,0,0,0,0,1,0,2,0,0,0,0,0,0,0,0,0,0,0,0,0,0,0,0,0,0,0,0,0,0,0,0,0,0,0,0,0,0,0,0,0,0,0,0,0,0,0,0,0,0,0,2
"kir",0,0,0,0,0,0,0,0,0,0,0,0,1,0,0,1,0,0,1,1,0,0,0,0,0,0,0,0,0,0,0,0,0,0,0,0,0,1,0,0,1,0,0,1,0,0,0,0,0,0,0,0,0,0,0,0,0,0,0,1,0,0,0,1,0,0,1,0,0,1,0,0,0,0,0,0,1,0,0,0,0,0,0,0,0,0,1
"kor",0,19,25,9,9,16,1,12,1,0,6,2,46,32,49,70,46,0,70,66,6,41,3,39,72,1,14,28,1,1,12,48,0,33,6,40,0,52,12,9,82,41,0,0,120,2,3,32,43,0,26,1,3,0,1,4,0,1,0,47,0,22,67,50,3,43,58,1,39,43,71,45,0,47,3,0,61,25,0,3,13,2,0,0,2,0,120
"kur",0,1,2,1,2,2,0,1,1,0,0,0,2,2,2,3,2,0,2,3,1,2,0,2,3,0,1,3,0,1,2,2,0,1,2,2,0,2,1,0,2,2,0,0,2,3,1,1,1,0,1,1,2,0,0,0,0,0,0,3,0,2,3,2,0,1,3,0,1,2,3,2,0,2,1,0,2,2,0,0,1,1,0,0,0,0,3
"lat",0,4,2,3,2,2,0,3,0,0,1,0,4,4,5,4,5,1,4,6,2,4,0,5,5,2,2,4,0,0,3,5,0,3,2,4,0,5,2,2,4,3,0,0,3,1,6,4,4,1,3,1,1,0,0,1,1,1,0,4,1,4,5,4,0,5,5,1,5,4,5,5,0,4,2,0,4,4,0,0,4,0,0,1,1,1,6
"lav",1,28,19,10,11,19,1,9,0,1,11,3,78,43,64,112,68,0,108,93,9,73,3,62,113,2,20,31,0,1,15,55,0,49,5,59,0,91,14,9,111,44,0,0,32,1,4,193,81,0,28,1,2,0,1,5,0,0,1,61,1,23,103,67,3,60,89,1,56,64,107,66,1,66,4,0,71,30,0,3,21,1,0,0,1,0,193
"lit",1,34,29,12,12,21,1,13,0,0,11,3,94,59,73,139,82,0,123,120,9,88,3,66,137,2,26,43,1,1,16,76,0,55,4,73,0,104,17,8,134,59,0,0,43,1,4,81,232,0,35,1,2,0,1,5,0,1,1,85,0,29,125,86,3,68,116,1,69,80,142,86,0,86,4,0,89,39,0,3,19,1,0,0,3,0,232
"ltz",0,0,1,0,0,0,0,0,0,0,0,0,0,1,1,0,0,1,1,2,0,1,0,0,2,1,0,1,0,0,0,1,0,0,0,0,0,1,0,0,1,0,0,0,0,0,1,0,0,2,0,0,0,0,0,0,0,1,0,0,1,0,2,0,0,1,2,0,1,0,2,2,0,1,0,0,2,0,0,0,0,0,0,1,1,1,2
"mac",0,19,20,9,8,14,1,8,0,0,9,2,41,32,32,46,42,0,50,49,5,35,3,28,55,1,17,24,0,1,12,37,0,28,4,38,0,42,15,6,53,27,0,0,26,1,3,28,35,0,57,1,1,0,0,3,0,1,1,41,0,19,50,39,3,27,46,1,28,40,52,45,0,41,4,0,46,24,0,2,12,1,0,0,1,0,57
"mal",0,1,1,1,1,1,0,1,0,0,0,0,1,1,1,1,1,0,1,1,1,1,0,1,1,0,1,1,0,0,1,1,0,0,1,1,0,1,0,0,1,1,0,0,1,1,1,1,1,0,1,1,1,0,0,0,0,0,0,1,0,1,1,1,0,1,1,0,1,1,1,1,0,1,1,0,1,1,0,0,1,0,0,0,0,0,1
"may",0,2,3,2,3,3,0,2,1,0,0,0,3,3,3,3,3,0,3,3,2,3,0,3,3,0,2,3,0,0,3,3,0,2,2,3,0,3,1,1,3,3,0,0,3,2,1,2,2,0,1,1,3,0,0,0,0,0,0,3,0,3,3,3,0,2,3,0,2,3,3,3,0,3,1,0,3,3,0,1,2,1,0,0,1,0,3
"mlg",0,0,0,0,0,0,0,0,0,0,0,0,0,0,0,0,0,0,0,0,0,0,0,0,0,0,0,0,0,0,0,0,0,0,0,0,0,0,0,0,0,0,0,0,0,0,0,0,0,0,0,0,0,1,0,0,0,0,0,0,0,0,0,0,0,0,0,0,0,0,0,0,0,0,0,0,0,0,0,0,0,0,0,0,0,0,1
"mlt",0,0,0,0,0,0,0,0,0,0,0,0,1,0,1,1,1,0,1,1,0,0,0,1,1,0,0,0,0,0,0,1,0,0,0,1,0,1,0,0,1,1,0,0,1,0,0,1,1,0,0,0,0,0,1,0,0,0,0,1,0,0,1,0,0,0,1,0,1,1,1,0,0,0,0,0,1,0,0,0,0,0,0,0,0,0,1
"mon",1,4,2,2,1,3,0,2,0,0,2,2,5,5,5,5,7,0,7,7,3,6,2,6,7,1,0,4,0,0,3,6,0,5,0,5,0,6,3,3,8,3,0,0,4,0,1,5,5,0,3,0,0,0,0,8,0,1,0,6,0,5,6,7,0,6,5,0,5,4,7,6,0,6,1,0,6,4,0,1,4,0,0,0,0,0,8
"mul",0,0,0,0,0,0,0,0,0,0,0,0,0,0,0,0,1,0,0,1,0,0,0,1,0,0,0,1,0,0,0,0,0,0,0,0,0,0,0,0,0,0,0,0,0,0,1,0,0,0,0,0,0,0,0,0,6,0,0,0,0,0,0,0,0,0,0,0,0,0,0,0,0,0,0,0,0,0,0,0,0,0,0,0,0,0,6
"nds",0,0,1,0,0,1,0,0,0,0,0,0,1,3,3,0,2,1,6,4,1,2,0,1,4,2,0,5,0,0,1,2,1,2,0,1,0,4,0,0,3,0,0,0,1,0,1,0,1,1,1,0,0,0,0,1,0,31,0,2,1,2,3,1,0,2,4,0,1,1,3,3,0,1,0,0,2,0,0,0,0,0,0,1,2,1,31
"nno",0,1,1,1,1,1,0,0,0,0,0,0,1,1,0,1,1,0,1,1,0,1,0,0,1,0,1,1,0,0,1,1,0,1,0,1,0,1,0,0,1,1,0,0,0,0,0,1,1,0,1,0,0,0,0,0,0,0,1,1,0,1,1,1,0,1,1,0,1,1,1,1,0,1,0,0,1,1,0,0,0,0,0,0,0,0,1
"nor",2,35,40,13,13,28,1,16,1,0,13,4,104,80,72,135,120,0,153,161,13,86,3,96,174,3,32,58,0,2,22,104,0,76,7,82,0,116,21,8,163,68,0,1,47,3,4,61,85,0,41,1,3,0,1,6,0,2,1,211,1,36,133,111,3,80,113,1,67,98,169,106,0,129,4,0,102,43,0,3,21,2,0,0,2,0,211
"oci",0,1,0,0,1,1,0,0,0,0,0,0,1,2,1,1,1,1,1,2,0,1,0,1,2,1,1,1,0,0,1,2,0,1,0,1,0,2,0,0,1,1,0,0,0,0,1,1,0,1,0,0,0,0,0,0,0,1,0,1,2,0,2,1,0,2,2,0,2,1,2,2,0,1,0,0,2,1,0,0,0,0,0,1,1,1,2
"per",1,20,21,10,11,22,1,12,1,1,5,3,35,30,30,38,32,0,40,43,7,31,2,30,44,2,13,29,1,1,15,33,0,25,4,30,0,36,14,6,43,25,0,0,22,2,4,23,29,0,19,1,3,0,0,5,0,2,1,36,0,53,39,35,3,31,34,1,25,30,43,34,0,29,3,1,32,23,0,3,13,2,0,0,2,0,53
"pol",1,40,47,16,17,29,1,20,1,1,12,4,156,90,108,262,143,1,263,251,12,118,3,105,303,3,32,85,1,2,23,140,0,86,6,133,0,196,24,10,275,101,0,0,67,3,5,103,125,2,50,1,3,0,1,6,0,3,1,133,2,39,624,140,5,109,208,1,105,132,288,136,1,147,4,0,165,47,0,3,24,2,0,1,4,1,624
"por",3,38,38,13,15,31,1,17,1,0,11,4,114,81,86,149,117,0,169,176,12,90,3,94,182,2,30,51,1,1,22,116,0,67,7,89,0,122,22,10,177,72,0,1,50,2,4,67,86,0,39,1,3,0,0,7,0,1,1,111,1,35,140,246,3,84,125,1,75,95,184,106,1,121,4,0,110,45,0,3,21,2,0,0,2,0,246
"roh",0,3,3,2,2,3,0,1,0,0,0,0,4,3,2,4,3,0,4,4,0,5,1,4,5,0,2,3,0,1,0,4,0,1,1,2,0,4,2,1,4,2,0,0,3,0,0,3,3,0,3,0,0,0,0,0,0,0,0,3,0,3,5,3,9,2,3,0,3,4,4,2,0,2,1,0,3,3,0,0,0,1,0,0,0,0,9
"rum",1,32,30,12,13,28,1,18,0,0,11,4,88,58,63,120,74,1,107,114,10,70,3,67,124,3,24,51,1,1,19,70,0,54,5,68,0,103,15,10,121,50,0,0,43,1,5,60,68,1,27,1,2,0,0,6,0,2,1,80,2,31,109,84,2,193,92,1,65,65,127,79,1,79,3,0,83,38,0,3,20,1,0,1,3,1,193
"rus",2,38,46,14,15,29,1,19,1,0,13,3,148,77,99,219,111,1,203,207,12,108,3,90,236,2,28,70,1,2,21,108,0,70,6,103,0,158,20,9,228,98,0,1,58,3,5,89,116,2,46,1,3,0,1,5,0,4,1,113,2,34,208,125,3,92,443,1,82,114,234,112,0,122,4,0,143,44,0,3,22,2,0,1,4,1,443
"sin",0,1,1,1,0,1,0,1,0,0,1,0,1,1,1,1,1,0,1,1,0,1,0,1,1,1,1,1,0,0,1,1,0,1,1,1,0,1,1,1,1,0,0,0,1,0,1,1,1,0,1,0,0,0,0,0,0,0,0,1,0,1,1,1,0,1,1,1,1,1,1,1,0,1,0,0,1,1,0,0,1,0,0,0,0,0,1
"slo",1,28,28,13,12,22,1,14,0,0,5,3,76,51,57,137,68,1,105,101,8,63,3,61,114,3,20,43,0,1,18,69,0,44,5,65,0,97,18,10,110,50,0,0,39,1,5,56,69,1,28,1,2,0,1,5,0,1,1,67,2,25,105,75,3,65,82,1,194,64,115,74,1,71,4,0,79,39,0,3,17,1,0,1,3,1,194
"slv",1,35,40,14,14,31,1,15,1,0,14,3,109,69,73,139,97,0,141,160,8,75,3,79,167,1,31,56,1,1,22,87,0,66,7,89,0,112,21,9,158,69,0,1,43,2,4,64,80,0,40,1,3,0,1,4,0,1,1,98,1,30,132,95,4,65,114,1,64,239,160,98,0,92,4,0,101,41,0,3,16,2,0,0,1,0,239
"spa",1,45,53,17,17,38,1,27,1,1,16,4,197,134,134,317,179,1,345,370,16,137,3,132,443,4,37,105,1,2,26,174,0,109,7,143,0,217,23,10,382,123,0,0,71,3,5,107,142,2,52,1,3,0,1,7,0,3,1,169,2,43,288,184,4,127,234,1,115,160,758,165,1,196,4,0,193,53,0,3,26,2,0,1,3,1,758
"srp",1,36,40,13,14,33,1,16,1,0,14,3,113,76,75,143,96,1,140,156,11,80,2,80,170,3,30,57,1,1,22,97,0,69,7,89,0,122,19,8,160,68,0,0,45,2,5,66,86,2,45,1,3,0,0,6,0,3,1,106,2,34,136,106,2,79,112,1,74,98,165,238,0,106,4,0,106,41,0,3,20,1,0,1,4,1,238
"swa",0,0,0,1,1,0,0,0,0,0,0,0,0,0,0,1,0,0,1,1,0,0,0,0,1,0,0,0,0,0,0,0,0,0,0,1,0,1,0,0,1,0,0,0,0,0,0,1,0,0,0,0,0,0,0,0,0,0,0,0,0,0,1,1,0,1,0,0,1,0,1,0,1,0,0,0,1,0,0,0,1,0,0,0,0,0,1
"swe",0,37,39,13,12,30,1,17,1,0,12,4,111,82,78,152,134,0,181,193,11,92,3,106,211,3,28,60,0,0,23,114,0,82,6,93,0,125,21,9,192,72,0,0,47,2,4,66,86,1,41,1,3,0,0,6,0,1,1,129,1,29,147,121,2,79,122,1,71,92,196,106,0,267,3,0,121,41,0,3,19,2,0,0,1,0,267
"tha",0,3,2,3,2,2,0,1,0,0,1,0,4,4,4,4,4,0,4,4,2,4,0,4,4,0,3,2,0,1,2,4,0,2,2,4,0,4,3,1,4,2,0,0,3,1,2,4,4,0,4,1,1,0,0,1,0,0,0,4,0,3,4,4,1,3,4,0,4,4,4,4,0,3,5,0,4,3,0,0,2,0,0,0,0,0,5
"tir",0,0,0,0,0,0,0,0,0,0,0,0,0,0,0,0,0,0,0,0,0,0,0,0,0,0,0,0,0,0,0,0,0,0,0,0,0,0,0,0,0,0,0,0,0,0,0,0,0,0,0,0,0,0,0,0,0,0,0,0,0,1,0,0,0,0,0,0,0,0,0,0,0,0,0,1,0,0,0,0,0,0,0,0,0,0,1
"tur",0,36,40,15,15,29,1,14,1,0,12,3,119,82,93,162,116,1,182,183,9,85,3,86,202,4,31,48,1,1,21,116,0,76,6,96,0,124,22,8,196,78,0,1,61,2,4,71,89,2,46,1,3,0,1,6,0,2,1,102,2,32,165,110,3,83,143,1,79,101,193,106,1,121,4,0,295,40,0,3,21,2,0,1,3,1,295
"ukr",0,22,21,12,12,22,1,11,1,0,5,1,41,34,28,50,44,0,48,51,7,41,3,36,51,2,18,29,1,1,17,41,0,31,5,39,0,43,14,9,53,34,0,0,25,2,4,30,39,0,24,1,3,0,0,4,0,0,1,43,1,23,47,45,3,38,44,1,39,41,53,41,0,41,3,0,40,66,0,3,14,2,0,0,1,0,66
"und",0,0,0,0,0,0,0,0,0,0,0,0,0,0,0,0,0,0,0,0,0,0,0,0,0,0,0,0,0,0,0,0,0,0,0,0,0,0,0,0,0,0,0,0,0,0,0,0,0,0,0,0,0,0,0,0,0,0,0,0,0,0,0,0,0,0,0,0,0,0,0,0,0,0,0,0,0,0,1,0,0,0,0,0,0,0,1
"urd",0,3,3,1,3,2,1,2,0,0,1,1,3,3,3,3,3,0,3,3,2,3,1,3,3,0,2,3,0,0,3,3,0,3,0,3,0,3,2,2,3,3,0,0,3,0,0,3,3,0,2,0,1,0,0,1,0,0,0,3,0,3,3,3,0,3,3,0,3,3,3,3,0,3,0,0,3,3,0,3,3,0,0,0,1,0,3
"vie",1,13,9,6,6,8,1,9,0,0,4,2,22,14,22,26,22,0,26,22,7,16,2,21,27,1,7,15,0,0,9,19,0,18,3,21,0,24,8,6,25,17,0,0,13,1,4,21,19,0,12,1,2,0,0,4,0,0,0,21,0,13,24,21,0,20,22,1,17,16,26,20,1,19,2,0,21,14,0,3,29,0,0,0,1,0,29
"wel",0,1,2,0,1,2,0,0,1,0,0,0,2,2,2,2,2,0,2,2,0,2,1,2,2,0,0,2,0,0,1,2,0,2,1,2,0,2,1,1,2,2,0,0,2,1,0,1,1,0,1,0,1,0,0,0,0,0,0,2,0,2,2,2,1,1,2,0,1,2,2,1,0,2,0,0,2,2,0,0,0,2,0,0,0,0,2
"wen",0,0,0,0,0,0,0,0,0,0,0,0,0,0,0,0,0,0,0,0,0,0,0,0,0,0,0,0,0,0,0,0,0,0,0,0,0,0,0,0,0,0,0,0,0,0,0,0,0,0,0,0,0,0,0,0,0,0,0,0,0,0,0,0,0,0,0,0,0,0,0,0,0,0,0,0,0,0,0,0,0,0,1,0,0,0,1
"wln",0,0,0,0,0,0,0,0,0,0,0,0,0,1,1,0,0,1,0,1,0,0,0,0,1,1,0,1,0,0,0,1,0,0,0,0,0,1,0,0,0,0,0,0,0,0,1,0,0,1,0,0,0,0,0,0,0,1,0,0,1,0,1,0,0,1,1,0,1,0,1,1,0,0,0,0,1,0,0,0,0,0,0,1,1,1,1
"xxx",0,1,2,1,1,1,0,1,0,0,0,0,2,3,3,2,1,1,2,4,1,3,0,1,3,1,1,4,0,0,1,2,0,2,0,2,0,4,0,1,2,2,0,0,2,0,1,1,3,1,1,0,1,0,0,0,0,2,0,2,1,2,4,2,0,3,4,0,3,1,3,4,0,1,0,0,3,1,0,1,1,0,0,1,6,1,6
"yid",0,0,0,0,0,0,0,0,0,0,0,0,0,1,1,0,0,1,0,1,0,0,0,0,1,1,0,1,0,0,0,1,0,0,0,0,0,1,0,0,0,0,0,0,0,0,1,0,0,1,0,0,0,0,0,0,0,1,0,0,1,0,1,0,0,1,1,0,1,0,1,1,0,0,0,0,1,0,0,0,0,0,0,1,1,3,3
"na_count",3,61,83,17,17,39,1,30,1,1,20,4,356,146,186,758,256,1,712,967,20,235,3,192,951,10,47,568,1,2,29,232,26,144,7,211,1,429,27,11,738,225,2,1,120,3,6,193,232,2,57,1,3,1,1,8,6,31,1,211,2,53,624,246,9,193,443,1,194,239,758,238,1,267,5,1,295,66,1,3,29,2,1,1,6,3,3988
